image_width: 640
image_height: 480
camera_name: basler_camera
camera_matrix:
  rows: 3
  cols: 3
  data: [609.85854,   0.     , 305.97855,
           0.     , 606.63467, 255.04157,
           0.     ,   0.     ,   1.     ]
distortion_model: plumb_bob
distortion_coefficients:
  rows: 1
  cols: 5
  data: [0.116313, -0.055812, 0.006289, -0.000793, -0.628728]
rectification_matrix:
  rows: 3
  cols: 3
  data: [1., 0., 0.,
         0., 1., 0.,
         0., 0., 1.]
projection_matrix:
  rows: 3
  cols: 4
  data: [609.85854,   0.     , 305.97855,   0.     ,
           0.     , 606.63467, 255.04157,   0.     ,
           0.     ,   0.     ,   1.     ,   1.     ]
